0000000000000001
0000000000000010
0000000000000011
0000000000000100
0000000000000101
0000000000000110
0000000000000111
0000000000001000
1000000000000001
1000000000000010
1000000000000011
1000000000000100
1000000000000101
1000000000000110
1000000000000111
1000000000001000
1100000000000001
1100000000000010
1100000000000011
1100000000000100
1100000000000101
1100000000000110
1100000000000111
1100000000001000
1100000000000000
1100000000000010
1100000000000010
1100000000000100
1100000000000100
1100000000000110
1100000000000110
1100000000001000
0000000000000010
0000000000000010
0000000000000011
0000000000000100
0000000000000101
0000000000000110
0000000000000111
0000000000001000
1000000000000001
1000000000000010
1000000000000011
1000000010000100
1000000010000101
1000000010000110
1000000010000111
1000000010001000
1100000010000001
1100000010000010
1100000010000011
1100000010000100
1100000010000101
1100000010000110
1100000010000111
1100000010001000
1100000010000000
1100000010000010
1100000010000010
1100000010000100
1100000010000100
1100000010000110
1100000010000110
1100000010001000
0000000000000001
0000000000000010
0000000000000011
0000000000000100
0000000000000101
0000000000000110
0000000000000111
0000000000001000
1000000000000001
1000000000000010
1000000000000011
1000000000000100
1000000000000101
1000000000000110
1000000000000111
1000000000001000
1100000000000001
1100000000000010
1100000000000011
1100000000000100
1100000000000101
1100000000000110
1100000000000111
1100000000001000
1100000000000000
1100000000000010
1100000000000010
1100000000000100
1100000000000100
1100000000000110
1100000000000110
1100000000001000
0000000000000010
0000000000000010
0000000000000011
0000000000000000
0000000000000000
0000000000000000
0000000000000000
0000000000000000
0000000000000000
0000000000000000
0000000000000000
0000000000000000
0000000000000000
0000000000000000
0000000000000000
0000000000000000
0000000000000000
0000000000000000
0000000000000000
0000000000000000
0000000000000000
0000000000000000
0000000000000000
0000000000000000
0000000000000000
0000000000000000
0000000000000000
0000000000000000
0000000000000000
0000000000000000
0000000000000000
0000000000000000
0000000000000000
0000000000000000
0000000000000000
0000000000000000
0000000000000000
0000000000000000
0000000000000000
0000000000000000
0000000000000000
0000000000000000
0000000000000000
0000000000000000
0000000000000000
0000000000000000
0000000000000000
0000000000000000
0000000000000000
0000000000000000
0000000000000000
0000000000000000
0000000000000000
0000000000000000
0000000000000000
0000000000000000
0000000000000000
0000000000000000
0000000000000000
0000000000000000
0000000000000000
0000000000000000
0000000000000000
0000000000000000
0000000000000000
0000000000000000
0000000000000000
0000000000000000
0000000000000000
0000000000000000
0000000000000000
0000000000000000
0000000000000000
0000000000000000
0000000000000000
0000000000000000
0000000000000000
0000000000000000
0000000000000000
0000000000000000
0000000000000000
0000000000000000
0000000000000000
0000000000000000
0000000000000000
0000000000000000
0000000000000000
0000000000000000
0000000000000000
0000000000000000
0000000000000000
0000000000000000
0000000000000000
0000000000000000
0000000000000000
0000000000000000
0000000000000000
0000000000000000
0000000000000000

